MSA	SPOP	SEMP	SHH
1000	1007.165	599.94	408.077
1010	107.107	79.157	44.125
1020	130.79	85.904	54.399
1040	169.08	112.475	66.985
1080	592.464	352.247	223.278
1099	194.939	96.738	81.417
1120	3514.482834	2427.032676	1406.382871
1125	334.628	265.485	136.074
1145	312.804	133.354	110.264
1150	247.829	130.815	96.558
1160	278.7447321	182.1104286	107.2678214
120	130.966	71.533	48.76
1200	324.5529107	174.257881	123.9386786
1240	406.959	174.765	123.289
1260	181.238	111.43	68.32
1280	1123.047	645.787	464.93
1299	1347.003	597.191	544.135
1305	141.0668222	106.9617333	55.9936
1320	408.6	221.483	166.456
1350	74.7	55.006	30.857
1360	212.543	155.582	88.898
1399	2829.214	1392.111	1072.975
1400	194.23	132.213	80.303
1440	672.066	404.583	264.951
1480	246.725	161.451	107.529
1520	1959.141	1151.922	778.307
1540	183.522	132.074	74.904
1560	511.039	315.372	210.478
1580	88.994	62.408	35.375
1599	402.166	240.967	147.556
160	908.168	570.394	376.283
1600	8828.98	5196.527	3262.372
1620	224.478	112.359	90.362
1640	1787.492	1091.753	729.558
1660	242.829	132.205	90.925
1680	2187.823	1336.183	898.406
1699	907.243	539.73	339.17
1720	616.088	363.857	236.86
1740	159.536	113.316	65.839
1760	628.999	424.563	247.453
1799	1829.647	909.37	745.006
1800	283.624	170.946	107.912
1840	1725.593	1154.775	714.415
1880	394.498	241.452	143.538
1890	83.075	57.81	33.594
1899	1697.659	868.466	673.554
1900	98.859	49.302	40.818
1920	4449.173	2825.775	1656.963
1930	247.1450192	165.1137692	93.96715385
1950	105.683	54.197	45.65
1960	362.429	233.071	150.347
199	1339.298	586.953	544.467
1999	1559.433	1006.024	639.38
200	885.313	519.052	354.548
2000	932.225	537.919	384.084
2020	608.268	245.706	264.752
2030	150.91	73.89	61.517
2040	107.783	66.641	45.693
2080	2496.567	1630.68	995.451
2099	1141.743	739.468	456.546
2120	542.738	399.206	221.424
2160	4401.653	2300.146	1747.91
2180	149.201	89.256	61.902
2190	162.955	86.177	63.899
2199	2172.825	1057.401	886.743
220	133.949	80.092	52.125
2200	93.303	68.298	36.757
2240	240.764	148.171	102.123
2281	297.09	154.211	109.598
2290	163.075	106.713	66.57
2299	1106.832	511.811	412.944
2320	771.309	388.822	248.828
2330	201.688	132.825	74.906
2335	87.313	49.331	34.792
2340	58.161	38.431	24.078
2360	279.443	166.644	108.995
2399	920.0917569	550.4891425	390.3000125
240	715.727	383.165	286.512
2400	354.489	204.18	150.093
2440	306.166	183.423	126.754
2499	435.658	257.867	175.698
2520	199.302	152.171	83.797
2560	318.049	208.282	118.799
2580	427.763	256.956	167.939
2599	637.5370563	425.9819993	262.3533511
2600	166.3772963	93.68859259	65.75434074
2620	140.269	96.478	51.354
2640	428.456	188.403	174.059
2650	144.564	71.902	61.792
2655	134.722	88.236	52.143
2670	305.717	200.735	122.975
2680	1800.962	1060.621	733.416
2699	1790.351	804.928	719.647
2700	617.591	285.757	275.624
2710	423.692	193.35	182.282
2720	227.832	137.99	90.991
2750	185.652	132.252	76.255
2760	531.696	326.114	212.524
2799	1499.313	948.198	608.26
280	124.72	75.993	51.033
2800	2133.252	1191.954	801.369
2840	1084.657	533.005	351.115
2880	103.841	48.479	43.191
2899	1840.971	899.873	702.963
2900	246.518	173.094	103.042
2920	298.095	143.014	117.15
2960	663.073	327.392	257.213
2975	129.972	68.767	52.896
2980	114.151	61.313	45.01
2985	98.274	71.327	39.73
299	416.706	247.703	152.155
2995	146.896	94.443	60.067
2999	1854.927	1003.269	752.277
3000	1171.683	662.476	443.633
3040	82.297	52.001	35.18
3060	256.476	121.195	91.366
3080	249.219	182.468	98.926
3099	655.125	420.679	270.869
3120	1408.447	836.891	580.959
3150	162.08	94.081	66.459
3160	1089.805	638.13	442.175
3180	148.019	78.888	58.536
3199	788.657	526.943	320.399
320	240.023	150.07	92.908
3200	367.539	191.825	141.547
3240	669.118	469.579	275.853
3280	1073.238185	724.3482084	430.4970297
3285	132.182	77.898	50.505
3290	368.691	201.038	149.882
3299	288.084	190.23	111.303
3320	915.624	628.395	312.018
3350	202.64	127.994	74.453
3360	5259.341	3208.924	1879.999
3399	623.1536895	407.0398354	255.3519198
3400	312.341	156.637	131.231
3440	409.714	264.611	167.488
3480	1833.479	1141.191	744.394
3500	133.071	107.087	56.034
3520	160.478	70.378	60.922
3560	490.805	319.394	184.102
3580	113.979	77.47	45.387
3599	781.961	406.002	296.232
3600	1323.774	828.155	532.967
3605	166.528	108.026	57.833
3610	133.69	72.838	53.803
3620	161.654	82.632	64.202
3640	596.955	310.305	232.949
3660	506.139	277.994	217.68
3680	220.598	115.078	89.595
3699	1511.56	772.829	590.882
3700	94.866	59.62	39.043
3710	175.805	104.896	70.784
3720	463.804	241.285	188.204
3740	113.91	54.31	43.359
3760	1984.584	1281.582	806.779
3799	2845.287	1368.723	1156.165
380	285.341	208.242	107.623
3800	167.923	76.111	65.032
3810	366.842	221.405	129.905
3840	803.978	499.281	342.2
3850	99.228	52.424	42.468
3870	134.869	95.427	54.496
3880	419.656	252.847	161.321
3899	330.711	243.975	136.553
3920	200.763	118.821	78.444
3960	187.676	111.902	72.518
3980	598.442	279.755	240.014
3999	2174.528	1110.653	856.226
40	127.928	89.339	49.492
4000	512.436	310.958	196.26
4040	457.61	275.803	185.726
4080	249.52	121.73	68.543
4099	1392.374	755.842	559.83
4100	206.724	95.626	73.809
4120	2199.213	1310.488	845.938
4150	117.423	66.487	47.666
4160	322.1640015	184.6885534	127.3178151
4199	1021.64	554.493	418.322
4200	111.98	67.467	40.273
4240	80.52530688	49.23475397	33.68569842
4280	546.702	363.208	224.359
4299	1922.573	966.23	770.372
4320	151.976	92.636	58.709
4360	285.697	210.194	118.586
440	644.025	345.16	253.015
4400	659.665	433.369	270.974
4420	223.649	150.169	87.635
4480	9925.072	5714.874	3364.007
4499	37.24850793	22.78738096	15.81265079
450	114.19	64.458	48.627
4520	1102.405	709.182	459.726
4560	301.8160598	217.7963668	120.3906655
4599	1277.926	575.108	506.681
460	387.745	259.7	153.058
4600	267.781	171.278	106.302
4640	235.531	139.196	95.933
4680	360.818	214.428	139.513
4699	490.174	338.654	195.015
4720	498.787	395.852	210.746
4760	101.7180977	65.38615185	40.17641124
4799	1967.041	913.779	809.477
480	257.183	165.233	110.99
4800	168.01	88.715	67.612
4880	772.922	322.827	221.789
4890	208.405	118.33	85.435
4899	3314.87	1788.01	1230.714
4900	547.248	283.477	237.403
4920	1230.962	778.641	479.072
4940	253.345	96.709	78.85
499	693.11	298.199	260.185
4999	692.218	384.792	229.675
500	180.49	114.645	71.388
5000	2446.92	1468.483	851.977
5015	1268.016	816.934	468.133
5080	1564.21	1006.76	635.415
5099	481.7611778	318.3732667	201.191
5120	3308.372	2271.515	1311.661
5140	111.62	75.55	46.838
5160	593.129	321.171	233.901
5170	525.334	233.093	174.089
5190	1242.565	574.15	486.464
5199	1653.098	848.854	677.338
520	5399.016	3094.199	2023.117
5200	150.971	92.153	58.495
5240	360.425	221.939	138.798
5280	114.075	63.53	47.612
5330	270.859	146.986	116.754
5345	331.329	184.314	140.756
5350	229.6189499	150.0340479	90.78759065
5360	1519.536	997.956	616.513
5380	2886.668	1614.845	991.92
5399	1107.493	579.242	441.452
5400	215.9087143	110.7096548	85.23903571
5480	344.6438929	204.1991964	137.8133036
5499	1038.56	474.879	437.082
5520	264.3387778	168.109356	107.4464694
5560	1179.28	722.676	462.382
5599	1784.543	1053.977	721.168
560	373.45	246.649	149.014
5600	9803.194	5624.705	3777.418
5640	2054.87	1285.269	759.066
5660	453.085	198.917	161.145
5699	379.449	281.453	154.461
5720	1689.361	1056.98	651.39
5775	2548.081	1439.919	946.64
5790	343.398	148.036	147.224
580	137.611	66.803	56.902
5800	268.205	191.482	101.446
5880	1217.056	773.448	496.405
5910	254.422	143.814	104.668
5920	803.4	567.68	321.795
5945	3072.34	2029.059	1029.929
5960	2137.361	1323.729	843.236
599	1366.191	673.043	559.156
5990	94.575	58.225	38.888
600	519.461	292.168	199.903
6015	168.205	104.903	70.119
6020	147.956	83.969	61.877
6080	470.17	232.901	183.637
6120	354.354	225.367	144.473
6160	5253.485	3135.288	2052.408
6200	4449.866	2497.593	1667.264
6240	78.086	42.799	29.202
6280	2287.015	1426.684	967.227
6320	48.2805	31.695	20.794875
6340	82.257	50.338	30.408
640	1744.237	1091.436	674.569
6400	239.9877564	183.6411703	100.438119
6440	2261.011	1378.675	901.167
6450	312.7303195	182.1108909	124.2958049
6480	1204.602887	656.5147976	488.0033378
6520	563.002	261.847	159.708
6560	159.012	78.007	62.652
6580	156.119	67.851	74.099
6600	201.103	93.945	78.303
6640	1605.901	1043.754	643.939
6660	99.988	65.521	40.575
6680	408.053	227.847	159.213
6690	185.364	94.31	75.129
6720	425.927	285.506	168.652
6740	245.393	134.47	89.114
6760	1146.777	731.49	462.658
6780	4346.45	1735.945	1420.301
680	821.104	392.895	265.256
6800	243.748	183.032	105.031
6820	146.331	116.624	58.689
6840	1092.748	668.138	431.089
6880	415.968	213.68	164.566
6895	148.041	79.719	57.987
6920	1970.54	1120.498	757.625
6960	390.27	199.684	157.98
6980	191.96	133.347	74.033
699	1228.94	594.799	452.042
7000	106.746	65.242	43.15
7040	2770.217	1674.574	1120.888
7080	401.802	211.999	149.855
7120	413.18	245.292	126.188
7160	1591.217	1070.817	531.723
720	2728.304	1684.229	1092.325
7200	108.811	66.663	43.451
7240	1956.947	1149.605	714.886
730	38.74344776	24.16608611	16.20604937
7320	3082.254	1958.522	1123.197
7360	1779.732	1449.693	721.974
740	155.989625	96.9505625	69.64925
7400	1788.523	1216.045	611.156
7460	272.221	161.524	106.667
7480	409.473	278.087	144.19
7485	257.765	149.132	94.274
7490	168.443	116.384	70.88
7500	477.747	286.467	185.16
7510	707.716	389.462	325.333
7520	342.967	210.955	134.952
7560	614.904	361.35	256.895
760	696.915	445.216	267.102
7600	2701.797	1948.161	1114.745
7610	116.397	63.682	46.846
7620	116.309	77.544	46.701
7640	120.662	60.672	47.984
7680	408.461	247.936	162.388
7720	122.969	80.955	47.243
7760	225.77	169.316	90.575
7800	268.843	154.184	105.84
7840	474.627	288.077	192.178
7880	208.209	137.871	90.185
7920	394.54	243.285	164.138
80	699.857	417.399	288.001
8000	421.5233686	226.7658073	166.9878727
8040	225.11925	153.7545	85.026
8050	147.744	113.574	56.072
8080	121.408	58.484	52.082
8120	691.968	300.574	229.14
8140	104.814	50.805	39.463
8160	722.78	424.578	289.123
8200	804.662	403.964	312.065
8240	322.112	217.05	132.003
8280	2804.354	1615.161	1217.324
8320	148.438	82.064	60
8360	136.986	76.363	52.885
840	381.944	212.082	146.215
8400	607.988	362.991	247.733
8440	175.43	122.374	74.475
8480	368.791	274.785	135.96
8520	1053.999	567.915	428.941
8560	874.722	554.641	355.537
860	205.543	118.496	82.978
8600	184.279	108.48	75.916
8640	207.944	135.199	80.313
8680	292.745	163.858	117.07
870	159.212	83.035	64.924
8720	554.28	273.123	194.04
8735	812.463	447.493	272.525
875	1388.271	850.242	515.741
8750	87.733	54.885	32.436
8760	157.753	77.326	54.919
8780	435.876	209.662	135.166
880	145.607	101.583	60.598
8800	236.085	140.011	89.515
8840	5705.575	4006.248	2226.632
8880	143.5529121	83.33484066	57.49158242
8920	128.968	93.652	52.161
8940	132.481	91.395	51.97
8960	1323.838	800.167	570.738
899	776.206	504.806	306.592
9000	144.31	84.154	60.023
9040	586.441	389.731	234.166
9080	136.977	86.095	52.053
9140	116.607	69.329	47.311
9160	638.895	398.5	249.291
920	354.906	209.829	138.277
9200	307.686	178.53	134.168
9240	504.4183125	268.2127844	199.659496
9260	237.451	131.292	81.167
9270	205.298	127.192	74.252
9280	434.491	230.917	175.419
9320	552.974	273.924	226.82
9340	168.98	73.081	59.404
9360	225.513	97.86	81.053
960	244.657	138.587	100.659
999	852.8578331	522.203565	337.7331941
